167,11
174,5
174,4
174,3
174,2
174,1
174,0
173,11
173,10
173,9
173,8
173,7
173,6
173,5
173,4
173,3
173,2
173,1
173,0
172,5
172,4
172,3
172,2
172,1
172,0
171,5
171,4
171,3
171,2
171,1
171,0
170,11
170,10
170,9
170,8
170,7
170,6
170,5
170,4
170,3
170,2
170,1
170,0
169,7
169,6
169,5
169,4
169,3
169,2
169,1
169,0
168,11
168,10
168,9
168,8
168,7
168,6
168,5
168,4
168,3
168,2
168,1
168,0
167,10
167,9
167,8
167,7
167,6
167,5
167,4
167,3
167,2
167,1
167,0
166,6
166,5
166,4
166,3
166,2
166,1
166,0
165,5
165,4
165,3
165,2
165,1
165,0
164,10
164,9
164,8
164,7
164,6
164,5
164,4
164,3
164,2
164,1
164,0
163,7
163,6
163,5
163,4
163,3
163,2
163,1
163,0
0,575
162,6
162,5
162,4
162,3
162,2
162,1
162,0
161,5
161,4
161,3
161,2
161,1
161,0
160,7
160,6
160,5
160,4
160,3
160,2
160,1
160,0
159,6
159,5
159,4
159,3
159,2
159,1
159,0
0,574
158,7
158,6
158,5
158,4
158,3
158,2
158,1
158,0
157,7
157,6
157,5
157,4
157,3
157,2
0,573
157,1
157,0
0,572
156,5
156,4
156,3
156,2
156,1
156,0
155,3
155,2
155,1
155,0
154,3
154,2
154,1
154,0
0,571
0,570
153,5
153,4
153,3
153,2
153,1
153,0
152,5
152,4
152,3
152,2
152,1
152,0
32,6
44,6
151,10
151,9
151,8
151,7
151,6
151,5
151,4
151,3
151,2
151,1
151,0
150,10
150,9
150,8
150,7
150,6
150,5
150,4
150,3
150,2
150,1
150,0
149,10
149,9
149,8
149,7
149,6
149,5
149,4
149,3
149,2
149,1
149,0
148,10
148,9
148,8
148,7
148,6
148,5
148,4
148,3
148,2
148,1
148,0
0,569
147,5
147,4
147,3
147,2
147,1
147,0
146,10
146,9
146,8
146,7
146,6
146,5
146,4
146,3
146,2
146,1
146,0
0,568
0,567
145,10
145,9
145,8
145,7
145,6
145,5
145,4
145,3
145,2
145,1
145,0
0,566
144,6
144,5
144,4
144,3
144,2
144,1
144,0
143,4
143,3
143,2
143,1
143,0
142,10
142,9
142,8
142,7
142,6
142,5
142,4
142,3
142,2
142,1
142,0
0,565
141,10
141,9
141,8
141,7
141,6
141,5
141,4
141,3
141,2
141,1
141,0
0,564
140,10
140,9
140,8
140,7
140,6
140,5
140,4
140,3
140,2
140,1
140,0
139,5
139,4
139,3
139,2
139,1
139,0
0,563
0,562
138,5
138,4
138,3
138,2
138,1
138,0
0,561
137,5
137,4
137,3
137,2
137,1
137,0
136,10
136,9
136,8
136,7
136,6
136,5
136,4
136,3
136,2
136,1
136,0
0,560
135,10
135,9
135,8
135,7
135,6
135,5
135,4
135,3
135,2
135,1
135,0
134,10
134,9
134,8
134,7
134,6
134,5
134,4
134,3
134,2
134,1
134,0
133,4
133,3
133,2
133,1
133,0
0,559
0,558
0,557
0,556
0,555
103,6
132,11
132,10
132,9
132,8
132,7
132,6
132,5
132,4
132,3
132,2
132,1
132,0
0,554
0,553
131,3
131,2
131,1
131,0
130,10
130,9
130,8
130,7
130,6
130,5
130,4
130,3
130,2
130,1
130,0
129,10
129,9
129,8
129,7
129,6
129,5
129,4
129,3
129,2
129,1
129,0
128,10
128,9
128,8
